    #chr     start       end  ExampleData/IHECRE00000013_chr21.bigwig  \
0  chr21  42974618  42975047                                15.337014   
1  chr21  41677496  41679127                                 1.010735   
2  chr21  37366735  37369006                                22.057602   
3  chr21  25734216  25736234                                15.100211   
4  chr21  33324927  33325827                                 8.363811   

   ExampleData/IHECRE00000017_chr21.bigwig  
0                                21.029888  
1                                 0.377558  
2                                16.181268  
3                                 7.223929  
4                                 7.881560  